$ANSIBLE_VAULT;1.1;AES256
32373334323035366536366331373862363232616664363137613161646532313232336561323932
3861633333643965343336333066333261386534356565370a353834323930633230393433393764
36663130366436646636663564333165353565656233336339656165303830373662626431323533
6161643737373033640a326264396165376637363133663135346330636639396265396363356235
31613639653562636161373136653038383631376336616364653839383634356637333966346530
30396331656437623863333133313663306633383637663938383933623134396630316563633130
33383665656364616563613566363361656263626561376166323031316330363537646339383262
30363633363963393239323532363839373735656634636466663837376436366463333235323661
66663633313362313831313636316263333866363166653634643234613634663835623266316334
38666532363134666138336163383262393832353935313030353936613533633138663338356432
32383736366638626134636638633437333765326138383132366161366165363666613366303030
62376664343834633463
